55
60
0
000000000000000000000000000000000000000000000000000000000000
000000000000000000000000000000000000000000000000000000000000
000000000000000000000000000000000000000000000000000000000000
000000000000000000000000000000000000000000000000000000000000
000000000000000000000000000000000000000000000000000000000000
000003222203222203200020322220000000000000000000000000000000
000031222203200203220220320000000000000000000000000000000000
000032000003200203222220320000000000000000000000000000000000
000032000003200203222220320000000000000000000000000000000000
000032000003200203202020322220000000000000000000000000000000
000032022203222203200020320000000000000000000000000000000000
000032000203222203200020320000000000000000000000000000000000
000032222203200203200020320000000000005000000000000000000000
000003222203200203200020322220000000005000000000000000000000
000000000000000000000000000000000000005550505000000000000000
000000000000000000000000000000000000005050505000000000000000
000000000000000000000000000000000000005550050000000000000000
000032220322200000000000000000000000000000500000000000000000
000032020320000000000000000000000000000000000000000000000000
000032020322000000000000000000000000000000000000000000000000
000032220320000000000000000000000000404004004000404040000000
000000000000000000000000000000000000404040404404404040000000
000000000000000000000000000000000000440040404040404040000000
000000000000000000000000000000000000404044404000404040000000
000032000032032220322220000000000000404040404000404044000000
000032000000032000320000000000000000000000000000000000000000
000032000032032000320000000000000000000000000000000000000000
000032000032032000320000000000000000404040044044044400000000
000032000032032220322220000000000000404040040040000400000000
000032000032032000320000000000044000440040044040004000000000
000032000032032000320000000000400400404040040040040000000000
000032000032032000320000000000400400404044044044044400000000
000032222032032000322220000000044040000000000000000000000000
000000000000000000000000000000400400000000000000000000000000
000000000000000000000000000000400400000000000000000000000000
000000000000000000000000000000044040000000000000000000000000
000000000000000000000000000000000000000000000000000000000000
000000000000000000000000000000000000404004004404440440440000
000000000000000000000000000000000000404040404004040400404000
000000000000000000000000000000000000440040404004440440404000
000000000000000000000000000000000000404044404004000400440000
000111011000100111011010101110000000404040404404000440404000
000101010101010001010010100100000000000000000000000000000000
000111010101010001011011000100000000000000000000000000000000
000100011001010101010010100100000000404004004440040040400000
000100010100100111011010100100000000404040400040404040400000
000000000000000000000000000000000000440040400400404044000000
000000000000000000000000000000000000404040404000444040400000
000111010100000000000000000000000000404004004440404040400000
000101010100000000000000000000000000000000000000000000000000
000111011000000000000000000000000000000000000000000000000000
000100010100000000000000000000000000000000000000000000000000
000100010100000000000000000000000000000000000000000000000000
000000000000000000000000000000000000000000000000000000000000
000000000000000000000000000000000000000000000000000000000000
